a <- c(1, 15, 3, 20, 5, 8, 9, 10, 1, 3)

a < 20

a^2 >100 | a^2 <10

a == 1 | a==3
